62 7
47 0
38 18
13 12
38 12
48 4
33 12
23 7
38 6
29 18
39 5
56 18
24 5
36 8
18 1
0 13
66 3
21 19
48 14
13 5
46 17
14 24
25 23
33 2
50 13
24 8
22 10
16 23
37 22
23 24
44 5
53 9
8 17
78 12
45 11
42 7
79 11
47 21
69 4
52 3
48 13
66 19
14 6
72 15
63 5
51 4
7 21
74 8
48 3
56 12
4 18
64 7
53 20
25 22
74 15
9 5
63 18
12 4
42 6
53 15
50 8
47 22
4 21
56 17
24 17
23 11
68 7
68 10
45 18
19 5
59 24
22 0
2 5
66 2
78 3
15 3
52 21
41 18
38 16
43 21
47 17
77 22
21 6
1 0
21 8
44 11
79 1
71 21
25 8
79 15
16 12
41 14
71 17
50 21
67 0
19 10
25 6
44 18
1 9
24 16
43 1
16 10
26 8
38 8
31 17
50 17
72 22
31 2
75 21
46 17
17 16
65 17
55 4
20 11
53 16
27 16
44 14
29 22
70 8
75 10
38 20
28 6
28 3
29 15
38 9
12 21
60 22
22 19
7 1
3 1
51 2
55 19
3 11
34 4
31 21
33 18
68 8
38 4
66 20
34 12
33 14
78 11
72 16
1 14
40 10
12 7
77 24
55 5
58 17
14 24
70 2
75 17
54 17
30 20
4 3
73 1
28 8
25 9
12 22
72 10
17 17
35 18
53 14
49 18
11 0
20 20
70 11
11 16
25 15
76 0
35 2
38 0
6 4
28 16
14 13
45 8
7 2
70 22
73 4
14 7
48 24
12 3
25 0
78 14
12 9
79 10
30 21
67 18
76 15
45 20
61 11
66 22
43 10
55 10
63 2
51 23
38 10
79 14
53 5
64 7
49 2
56 4
5 22
55 10
40 0
34 2
66 2
57 18
33 18
79 12
20 15
15 22
0 19
59 4
31 6
18 12
59 21
42 15
9 3
10 8
50 10
6 3
6 10
9 10
29 22
57 13
39 10
15 12
2 22
6 16
0 3
56 20
8 20
72 24
74 15
56 8
4 1
34 11
51 17
38 20
52 16
58 10
33 15
45 14
73 4
67 8
55 24
23 2
32 3
79 20
30 3
24 10
63 19
75 13
16 9
16 0
39 1
68 10
52 24
19 13
65 16
10 7
53 9
3 19
23 4
31 4
11 12
4 18
77 1
39 5
48 10
29 8
37 19
14 6
46 16
35 0
22 9
7 3
23 8
4 17
20 24
71 4
58 14
48 2
66 23
34 0
11 13
49 16
52 15
71 1
59 18
60 21
59 18
67 23
32 11
28 19
23 7
68 2
44 2
63 16
30 5
34 19
68 5
58 11
7 14
39 4
7 22
22 12
63 3
24 19
70 24
5 1
56 10
37 7
47 1
63 12
1 14
55 19
43 14
64 15
56 19
58 20
2 6
46 21
9 2
68 11
65 21
22 0
59 18
52 13
50 13
20 19
30 8
17 23
20 20
4 16
78 19
61 17
23 6
48 11
5 16
26 5
24 24
38 4
62 9
3 17
1 24
53 6
55 4
63 16
50 9
9 14
4 4
66 17
69 15
8 9
66 11
29 0
11 15
56 16
6 5
49 17
27 17
63 1
24 15
55 1
3 12
20 10
75 1
71 9
35 5
6 0
12 10
27 9
13 13
63 6
19 15
53 7
71 20
79 1
50 17
12 1
73 17
57 17
14 24
29 4
9 10
29 10
44 7
73 1
67 23
4 11
9 22
72 14
66 12
23 15
59 17
66 23
9 21
56 4
