00000000000000000000000000000000000000000000000000000000000000000000000000000000
00000000000000000000000000000000000000000000000000000000000000000000111111111100
00000000000000000000000000000000000000000000000000000000000000000001111111111100
00000000000000000000000000000000000000000000000000000000000000000011111111111100
00000000000000000000000000000000000000000000000000000000000000000111111111111100
00000000000000000000000000000000000000000000000000000000000000001111111111111100
00000000000000000000000000000000000000000000000000000000000000011111111111111100
00000000000000000000000000000000000000000000000000000000000000111111111111111100
00000000000000000000000000000000011111111111111111111111111111111111111111111100
00000000000000000000000000000000011111111111111111111111111111111111111111111100
00000000000000000000000000000000000000000000000000000000000000111111111111111100
00000000000000000000000000000000000000000000000000000000000000011111111111111100
00000000000000000000000000000000000000000000000000000000000000001111111111111100
00000000000000000000000000000000000000000000000000000000000000000111111111111100
00000000000000000000000000000000000000000000000000000000000000000011111111111100
00000000000000000000000000000000000000000000000000000000000000000001111111111100
00000000000000000000000000000000000000000000000000000000000000000000111111111100
00000000000000000000000000000000000000000000000000000000000000000000011111111100
00000000000000000000000000000000000000000000000000000000000000000000000000000000
00000000000000000000000000000000000000000000000000000000000000000000000000000000
00000000000000000000000000000000000000000000000000000000000000000000000000000000
00000000000000000000000000000000000000000000000000000000000000000000000000000000
00000000000000000000000000000000000000000000000000000000000000000000000000000000
00000000000000000000000000000000000000000000000000000000000000000000000000000000
00000000000000000000000000000000000000000000000000000000000000000000000000000000